$ANSIBLE_VAULT;1.1;AES256
38656466343963363362393861653734326337306533306639366632623936316264616261353462
3333366431646137343035623533626436366163386366640a633261643730356634326461353833
64393063643662633661363034663734656163326235363236626164316161366138623166613334
3134303138343834390a383262346630373835323632353665616331306234393965303366343236
39326365663731663761623535343737336534373566343832636630373133643866316166656337
62376239323735666338623561633162303531363564383037666633653961636439303661313435
66396465323337623662646237343062663332343031386239313730656630656261643961366162
63313662653437336135666330633132663932633237353965656162306335623166666234323566
36393165353566323264353663653236663036643038646264373936333032633332613038373431
31376138356334303638626534313961663261356639393930353638356238656339353233376330
63303363666432363834666538313733356266306465316266623130393336653031343537323431
65356461306363353935393832313934393561393662613465313061653364623564306261393336
64393430376137333439643062346334643361613730356437353237303164623031373035373436
39623131346239376161336336316665343430363431363937643465613065353033333639376434
62353366306336326562613135326562636332333939363862323861373539306533326130313339
33316265333634386164343536383134653430386537313964626238303564626666313464646534
61623163346434333034663936396362356361306336326437343566653438616166383838313566
37303663636331393130376562346130626263303263383736313033396564333838623561613330
39626665316634363662326262383432653832333862373732326338623163616163663064383966
38383532343030666335663236643339356135626566616364623037316233336161373764353634
32633761393866653238343237343236336533346464316561336264333961656433613733653461
35313838316132363261616432323738643632393639363735313566343661396664666233373861
61376237613732343162323835346461633931363735623663306639666235623439383863623531
34343839636361356165363233663165386362633737356164363465326233323461343333333164
64396435303633323765623038343561613963323664393230306362326634316433326238633166
39616564363539373363663338353762373632323936343138313738386136626137376565646132
63613439393331663739646439356565616435376663616331323433653263333138316338316333
36366235343036653638313062313138616662376630306432613133383934636336356236633066
33313435663338663565326637386237313435656433306164333161353066636630303538316330
63646633356563343031336235303838656164396534623630616538636539663432663965356530
37626166623563326664366537313337393731613633323364663732383465633135613165343261
36616432303137323462613736393430616261653731623737613366393738326234356330333239
31393963366565373365323837633039616262373961643632653666643462333332346637636337
63306635646165636330663563666537626563373965653030663866633737643061663933616666
65323266643431613130323065383738306638326262356131663338316532303533346137393462
61646436363965393766653134353338333234636539303138373564306638373331626337303134
64353230663831363038363965653864343733323835303936346133626530633033343134303363
66326235353030626361386462646163613637326564626566653030646236326534643062303833
66313037653833326636356538303937393165393039343535386264613432353163366466373336
39376433303966323364353037313763396439623663623866396265396532373662313864653566
31393538633730633830616234356130636163653261663138396136643631386165343262366336
30623230373032613962303761393737356435343262356266353163373936363439306537323564
61633530346563383432363030613437303732386231653066353535353333646436396435346336
37326463653038346139383562656237313338303433616461336164393665323332336339343839
65383231653262336438336133343535343438626638653838623764323264313963633161626530
65303562373137316134336331643137353236383538633432376433386537316465373532303432
64666634616461333030303564313036663463653637663263333736326630653530333634663838
37623661333237336131626362393430386432636335613061333133346435613362633635656338
37393663646432323366316338376234336662613937636532643266316330616661633536633233
66616533616538656434373333333135656335623266653834623331343564363361326636383364
61363964353962363633356330646463346238616566383638343837323430313039633237613932
38346535356531633866376133636138383863363864656163653031383165323464383665356334
33323038366432626439363166613165393561396339343332663034343436616661623636616562
32666434306661383330623531646138303635666434343363363833353838316363643632303562
63383734616537386366383632663362326161386137333730343964663539636532373636303661
65636330333737313133316233333031383665616130343634663631353338353330333663623339
3237
