$ANSIBLE_VAULT;1.1;AES256
38393439376661613137353635656263366637326630313661386362616438646134363931626131
3639653865383338613238373464646532383963343136360a383636353736353630616266656665
36363964333139386163633939636333393231306231336462316232353862373737383730393337
3564316264323134360a343737373437393032366362653265613162623833633431313563336336
66363430336438643961373936306635346666303338346263303265613065663739633035393161
62373162383564356266376632363166346662613134336233323166636435303930323139323363
66616438663331623236656461656131366435326636626364386237306565653739656463346538
62656666306661383566383631333336353239306463613932313536323961363933396564373539
63353261616665346537373137323866633263353265643430623836303462313439326636643038
38383838383930613164633165393834643933626235396539383135636133353937646166396361
633439653364343536376432646361306365
